2017-08-14 18:57:30
mysql_used_ids: [2354154, 5686283, 5686303, 5686334, 6254654, 6353333] 
mysql_all_ids: [5686283, 5686303, 5686334, 2354154, 6254654, 6353333]
mysql_actual_ids: []

2017-08-14 18:57:30
mysql_used_ids: [2354154, 5686283, 5686303, 5686334, 6254654, 6353333] 
mysql_all_ids: [5686283, 5686303, 5686334, 2354154, 6254654, 6353333]
mysql_actual_ids: []

2017-08-14 18:57:31
mysql_used_ids: [2354154, 5686283, 5686303, 5686334, 6254654, 6353333] 
mysql_all_ids: [5686283, 5686303, 5686334, 2354154, 6254654, 6353333]
mysql_actual_ids: []

2017-08-14 18:57:31
mysql_used_ids: [2354154, 5686283, 5686303, 5686334, 6254654, 6353333] 
mysql_all_ids: [5686283, 5686303, 5686334, 2354154, 6254654, 6353333]
mysql_actual_ids: []

2017-08-14 18:57:32
mysql_used_ids: [2354154, 5686283, 5686303, 5686334, 6254654, 6353333] 
mysql_all_ids: [5686283, 5686303, 5686334, 2354154, 6254654, 6353333]
mysql_actual_ids: []

2017-08-14 18:57:32
mysql_used_ids: [2354154, 5686283, 5686303, 5686334, 6254654, 6353333] 
mysql_all_ids: [5686283, 5686303, 5686334, 2354154, 6254654, 6353333]
mysql_actual_ids: []

2017-08-14 19:03:28
mysql_used_ids: [2354154, 5686283, 5686303, 5686334, 6254654, 6353333] 
mysql_all_ids: [5686283, 5686303, 5686334, 2354154, 6254654, 6353333]
mysql_actual_ids: []

2017-08-14 19:03:31
mysql_used_ids: [2354154, 5686283, 5686303, 5686334, 6254654, 6353333] 
mysql_all_ids: [5686283, 5686303, 5686334, 2354154, 6254654, 6353333]
mysql_actual_ids: []

2017-08-14 19:07:07
mysql_used_ids: [2354154, 5686283, 5686303, 5686334, 6254654, 6353333] 
mysql_all_ids: [5686283, 5686303, 5686334, 2354154, 6254654, 6353333]
mysql_actual_ids: []

2017-08-14 19:21:43
mysql_used_ids: [2354154, 5686283, 5686303, 5686334, 6254654, 6353333]
mysql_all_ids: [5686283, 5686303, 5686334, 2354154, 6254654, 6353333]
mysql_actual_ids: []

2017-08-14 19:22:01
mysql_used_ids: [2354154, 5686283, 5686303, 5686334, 6254654, 6353333]
mysql_all_ids: [5686283, 5686303, 5686334, 2354154, 6254654, 6353333]
mysql_actual_ids: []

